Filetype: IR signals file
Version: 1
# 
name: Power
type: raw
frequency: 38000
duty_cycle: 0.330000
data: 1378 330 1334 349 475 1219 1323 401 1322 372 476 1193 503 1192 503 1195 500 1219 475 1221 474 1222 1317 7768 1316 380 1316 379 470 1226 1316 380 1315 380 469 1226 469 1226 469 1226 469 1227 468 1226 469 1227 1315 7769 1314 381 1314 381 468 1226 1314 381 1314 380 469 1225 469 1227 468 1227 468 1226 468 1226 469 1227 1314
# 
name: Light
type: raw
frequency: 38000
duty_cycle: 0.330000
data: 1341 354 1341 354 497 1196 1341 353 1315 380 1341 378 473 1198 495 1223 470 1225 1312 383 1312 384 467 8612 1311 384 1311 383 467 1228 1311 384 1312 384 1312 384 468 1228 467 1228 467 1228 1312 384 1312 384 467 8616 1311 384 1311 384 467 1228 1312 384 1312 384 1312 384 467 1228 467 1228 467 1229 1311 385 1311 384 467 8617 1311 384 1311 384 467 1229 1311 385 1311 385 1311 385 466 1230 466 1230 465 1230 1310 385 1310 386 465 8640 1285 410 1286 410 440 1255 1285 411 1285 411 1284 411 439 1256 440 1256 440 1257 1284 412 1284 411 439 8641 1282 413 1282 438 412 1283 1257 438 1257 438 1256 438 411 1283 386 1309 386 1310 1230 465 1230 465 385 8722 1203 492 1204 492 358 1338 1203 492 1204 493 1203 492 357 1338 357 1338 357 1339 1202 519 1176 519 330 8751 1175 520 1175 519 330 1393 1149 546 1149 547 1149 547 301 1393 302 1422 186 1536 1095 39086 1123 546 1150 545 303 1392 1151 518 1177 518 1178 517 331 1364 331 1364 330 1365 1177 518 1177 518 330 8753 1177 519 1177 518 330 1366 1176 520 1175 519 1176 545 303 1391 304 1392 303 1392 1150 521 1175 545 302
# 
name: Oscelation
type: raw
frequency: 38000
duty_cycle: 0.330000
data: 1318 379 1317 377 557 1111 1375 350 1373 328 441 1249 446 1249 1292 401 448 1247 448 1248 473 1223 474 8669 1319 376 1319 376 473 1223 1319 377 1319 378 471 1224 471 1225 1317 379 470 1226 470 1225 471 1225 470 8669 1316 380 1316 379 470 1226 1316 380 1317 380 470 1226 470 1226 1316 380 469 1226 470 1226 470 1226 470 8670 1314 381 1314 380 469 1227 1314 381 1315 381 468 1228 467 1253 1288 407 442 1253 442 1229 466 1229 466 8673 1313 382 1314 382 468 1228 1315 382 1314 381 469 1227 469 1228 1314 381 469 1227 468 1227 468 1226 468
# 
name: Timer
type: raw
frequency: 38000
duty_cycle: 0.330000
data: 1314 380 1316 379 472 1196 1344 379 1288 406 444 1250 445 1250 445 1250 1314 380 472 1224 471 1224 471 8614 1314 382 1314 382 469 1228 1312 384 1312 384 467 1228 467 1228 467 1229 1310 384 467 1228 467 1228 467 8616 1311 385 1310 384 467 1229 1310 385 1310 385 466 1228 467 1228 467 1229 1311 384 467 1228 467 1229 466
# 
name: Mode
type: raw
frequency: 38000
duty_cycle: 0.330000
data: 1340 356 1340 355 496 1198 1342 355 1341 354 497 1197 498 1198 497 1201 494 1225 1313 384 467 1230 466 8619 1311 386 1310 385 466 1230 1311 385 1311 385 466 1230 465 1230 466 1230 465 1230 1310 385 466 1230 465 8618 1309 386 1309 385 466 1230 1310 386 1310 386 465 1231 465 1231 464 1230 465 1231 1309 386 465 1230 465 8618 1309 387 1309 386 465 1232 1309 387 1309 386 465 1231 464 1231 464 1232 463 1232 1309 386 465 1231 464 8619 1308 387 1308 387 464 1232 1308 387 1308 387 464 1232 463 1232 463 1231 464 1232 1308 387 464 1231 464
# 
name: Speed
type: raw
frequency: 38000
duty_cycle: 0.330000
data: 1405 331 1365 331 519 1107 1433 331 1364 332 518 1108 587 1135 559 1110 585 1109 586 1137 1403 331 519 8523 1402 330 1365 331 519 1109 1376 349 1346 348 501 1192 558 1109 586 1109 585 1137 556 1138 1343 351 498 8581 1292 403 1316 378 447 1248 1293 402 1293 401 448 1247 448 1247 448 1247 473 1222 473 1222 1319 376 474 8608 1319 377 1318 377 472 1224 1317 379 1317 379 470 1225 470 1225 470 1225 470 1225 470 1226 1315 380 469
